1000
0 5193.71
1 3702.64
2 3365.99
3 3414.87
4 3318.79
5 3297.09
6 3321.89
7 3356.93
8 3331.66
9 22464.99
10 3576.04
11 3502.61
12 3456.83
13 3580.09
14 3656.15
15 3393.89
16 3411.29
17 3488.06
18 3538.37
19 3418.68
20 3382.92
21 3280.88
22 3200.53
23 3375.29
24 3360.99
25 3375.29
26 3409.62
27 3564.36
28 3495.22
29 3396.03
30 3429.89
31 3512.62
32 3417.49
33 3441.10
34 3454.92
35 3457.78
36 3490.21
37 3391.03
38 3391.50
39 3273.73
40 3320.46
41 3363.37
42 3444.91
43 3351.69
44 3334.05
45 3379.58
46 3366.71
47 3343.58
48 3278.26
49 3363.37
50 3521.92
51 3500.94
52 3366.47
53 3313.06
54 3293.28
55 3278.26
56 3431.80
57 3373.62
58 3477.33
59 3461.36
60 3332.38
61 3442.05
62 3402.47
63 3433.94
64 3378.39
65 3597.02
66 3386.26
67 3397.70
68 3409.86
69 3260.37
70 3459.69
71 3460.88
72 3374.58
73 3498.55
74 3713.13
75 4581.69
76 3472.09
77 3433.23
78 3583.19
79 3521.68
80 3516.67
81 3453.97
82 3323.08
83 3259.42
84 3369.57
85 3350.97
86 3288.03
87 3315.21
88 3333.33
89 3373.38
90 3445.15
91 3244.88
92 3334.28
93 3417.73
94 3457.31
95 3382.68
96 3282.07
97 3552.44
98 3486.39
99 3422.02
100 3415.11
101 3489.49
102 3457.31
103 3450.87
104 3414.39
105 3462.31
106 3421.31
107 3373.62
108 3402.23
109 3439.90
110 3384.59
111 3435.37
112 3452.78
113 3400.33
114 3535.27
115 3396.51
116 3596.07
117 3528.36
118 3575.09
119 3519.54
120 3307.34
121 3381.97
122 3252.74
123 3423.93
124 3413.20
125 3413.92
126 3462.31
127 3523.59
128 3361.46
129 4031.66
130 3301.86
131 3364.80
132 3385.78
133 3475.43
134 3252.98
135 3365.52
136 3552.44
137 3389.12
138 3441.10
139 3230.81
140 3338.10
141 3468.28
142 3411.05
143 3375.53
144 3332.85
145 3435.61
146 3386.26
147 3427.98
148 3385.78
149 3395.08
150 3279.69
151 3416.78
152 3398.42
153 3335.71
154 3374.58
155 3237.96
156 3548.15
157 3555.77
158 3495.69
159 3306.15
160 3351.45
161 3516.20
162 3442.29
163 3298.04
164 3520.25
165 3284.22
166 3442.29
167 3360.75
168 3362.18
169 3383.64
170 3479.00
171 3513.57
172 3250.12
173 3322.60
174 3346.92
175 3715.28
176 3400.33
177 3252.98
178 3468.99
179 3380.78
180 3466.13
181 3370.76
182 3209.83
183 3680.71
184 3230.33
185 3333.09
186 3323.32
187 3388.88
188 3348.59
189 3476.86
190 3350.97
191 3271.10
192 3166.44
193 3315.93
194 3290.18
195 3379.82
196 3411.53
197 3346.92
198 3214.12
199 3271.10
200 3447.77
201 3383.40
202 3394.84
203 3378.87
204 4105.09
205 3432.27
206 3343.34
207 3356.93
208 3237.49
209 3410.58
210 3370.05
211 3217.22
212 3338.10
213 3212.21
214 3823.28
215 3414.63
216 3361.23
217 3514.53
218 3438.00
219 3195.76
220 2886.30
221 2944.95
222 3397.46
223 3489.02
224 3510.24
225 3556.49
226 3478.05
227 3398.42
228 3645.18
229 3453.25
230 2874.37
231 2985.95
232 4084.83
233 3035.07
234 3051.52
235 3368.14
236 3722.43
237 3360.51
238 3506.66
239 3495.22
240 3492.83
241 3366.71
242 3412.49
243 3559.11
244 3198.15
245 3309.73
246 3199.82
247 3503.08
248 3590.35
249 3394.37
250 3401.76
251 3377.91
252 3376.96
253 3427.51
254 3061.53
255 2840.04
256 3430.37
257 3127.81
258 3235.58
259 3369.09
260 3517.63
261 3356.22
262 3144.26
263 2907.99
264 3015.52
265 3143.79
266 2927.06
267 2907.04
268 2866.27
269 3207.92
270 2980.23
271 3535.27
272 3445.63
273 3642.56
274 3011.70
275 3114.46
276 3106.59
277 3019.57
278 2948.28
279 3192.42
280 3431.32
281 3062.25
282 2929.21
283 2818.35
284 2995.73
285 2971.65
286 2901.32
287 3322.12
288 3293.75
289 3128.05
290 3200.05
291 3096.10
292 3442.05
293 3341.44
294 3259.42
295 3069.88
296 3437.76
297 3104.21
298 3278.49
299 3018.14
300 2949.95
301 2869.37
302 2865.79
303 3214.84
304 2974.51
305 2863.65
306 2951.38
307 3162.62
308 3089.19
309 3187.42
310 3242.49
311 3213.17
312 3308.53
313 3394.13
314 3416.06
315 3497.12
316 3296.85
317 3636.84
318 3200.77
319 3355.26
320 3491.40
321 3471.37
322 3386.74
323 3514.29
324 3879.07
325 3478.53
326 3247.26
327 2930.16
328 3022.19
329 2977.13
330 2948.28
331 3037.69
332 3162.15
333 3109.22
334 2964.74
335 2865.31
336 2832.41
337 3156.42
338 3619.91
339 2936.60
340 3482.34
341 3456.35
342 2947.33
343 3014.56
344 3639.70
345 3554.34
346 3317.83
347 2846.24
348 2792.12
349 3599.41
350 3454.69
351 3483.77
352 3348.11
353 3767.73
354 3573.42
355 3556.73
356 3501.42
357 3627.54
358 3728.63
359 3522.16
360 3550.29
361 3492.36
362 3690.24
363 3842.59
364 3417.49
365 3417.97
366 3058.43
367 3247.74
368 2960.21
369 3013.13
370 3405.09
371 3454.21
372 3527.64
373 3573.89
374 3925.09
375 3462.08
376 3632.55
377 3669.74
378 3461.60
379 3429.41
380 3373.38
381 3411.53
382 3436.80
383 3469.94
384 3491.64
385 3419.64
386 3443.00
387 3516.91
388 3350.50
389 3391.03
390 3255.13
391 3425.60
392 3376.48
393 3253.94
394 3413.68
395 3418.68
396 3524.54
397 3391.50
398 3313.54
399 3420.59
400 3290.41
401 3432.27
402 3450.87
403 3429.41
404 3454.45
405 3450.16
406 3458.02
407 3411.29
408 3443.24
409 3479.24
410 3549.34
411 3628.49
412 3438.95
413 3453.25
414 3549.10
415 3603.70
416 3463.27
417 3229.86
418 3354.31
419 3378.39
420 3392.22
421 3378.63
422 3263.95
423 3314.50
424 3434.42
425 3468.75
426 3366.23
427 3464.22
428 3354.31
429 3454.92
430 3425.60
431 3308.30
432 3394.84
433 3396.03
434 3591.78
435 3220.32
436 3380.06
437 3395.80
438 3296.61
439 3472.57
440 3371.48
441 3361.70
442 3380.06
443 3285.17
444 3358.84
445 3324.99
446 3311.63
447 3510.95
448 3394.60
449 3533.12
450 3478.05
451 3315.21
452 3361.23
453 3341.20
454 3351.45
455 3232.00
456 3332.85
457 3224.61
458 3436.33
459 3245.35
460 3304.24
461 3328.56
462 3293.99
463 3402.95
464 3354.31
465 3312.59
466 4008.05
467 3591.54
468 3422.50
469 3348.83
470 3457.55
471 3719.57
472 3458.98
473 3948.21
474 3531.22
475 3499.03
476 3516.20
477 3352.88
478 3328.56
479 3274.92
480 3348.35
481 3381.25
482 3379.58
483 3319.26
484 3297.81
485 3345.97
486 3407.48
487 3252.98
488 3316.88
489 3342.15
490 3388.17
491 3371.95
492 3324.75
493 3361.94
494 3360.27
495 3398.66
496 3443.72
497 3574.61
498 3482.58
499 3529.79
500 3421.78
501 3571.51
502 3546.24
503 3551.96
504 3420.59
505 3440.38
506 3551.72
507 3504.28
508 3452.06
509 3373.15
510 3355.98
511 3521.44
512 3579.85
513 3321.41
514 3345.01
515 3558.16
516 3661.63
517 3478.53
518 3591.06
519 3483.53
520 3574.37
521 3393.17
522 3266.57
523 3350.73
524 3440.14
525 3478.77
526 3295.90
527 3282.07
528 3404.62
529 3494.98
530 3558.64
531 3433.47
532 3309.73
533 3245.59
534 3327.85
535 3518.10
536 3348.59
537 3294.94
538 3302.10
539 3334.05
540 3559.11
541 3173.83
542 3289.70
543 3373.62
544 3693.58
545 3497.36
546 3214.12
547 3321.89
548 3340.48
549 3635.88
550 3339.05
551 3333.09
552 3223.42
553 3488.06
554 3597.97
555 3489.49
556 3403.66
557 3392.46
558 3298.52
559 3548.15
560 3465.18
561 3414.39
562 3383.40
563 3252.03
564 3340.01
565 3245.35
566 3360.75
567 3417.97
568 3581.29
569 3448.01
570 3304.48
571 3407.48
572 3420.35
573 3443.24
574 3524.07
575 3541.23
576 3546.48
577 3278.49
578 3429.41
579 3407.96
580 3369.57
581 3248.93
582 3363.37
583 3354.55
584 3427.51
585 3436.57
586 3478.77
587 3504.99
588 3434.42
589 3340.48
590 3441.33
591 3463.98
592 3613.47
593 3419.40
594 3388.88
595 3390.31
596 3449.20
597 3485.20
598 3637.55
599 3529.55
600 3300.91
601 3466.13
602 3400.09
603 3265.62
604 3313.54
605 3470.18
606 3432.27
607 3413.92
608 3424.17
609 3418.68
610 3357.65
611 3595.59
612 3447.06
613 3383.87
614 3404.62
615 3429.17
616 3530.03
617 3389.60
618 3413.68
619 3454.92
620 3480.67
621 3310.44
622 3823.28
623 3292.56
624 3334.52
625 3511.67
626 3452.78
627 3427.27
628 3474.47
629 3490.69
630 3592.49
631 3428.94
632 3471.37
633 3724.10
634 3514.53
635 3592.01
636 3594.16
637 3282.07
638 3991.13
639 3741.50
640 3672.60
641 3526.69
642 3370.52
643 3810.41
644 3510.95
645 3376.48
646 3622.77
647 3293.28
648 3207.45
649 3181.93
650 3479.96
651 3432.27
652 3293.99
653 3316.40
654 3389.84
655 3560.78
656 3181.93
657 3289.22
658 3460.41
659 3669.98
660 3487.59
661 3655.43
662 3378.15
663 3257.04
664 3475.43
665 3401.52
666 3439.66
667 3303.53
668 3427.51
669 3401.99
670 3378.39
671 3320.22
672 3479.96
673 3364.32
674 3455.16
675 3276.82
676 3296.14
677 3506.18
678 3521.68
679 3459.22
680 3470.18
681 3452.06
682 3316.64
683 3543.14
684 3431.56
685 3441.10
686 3493.79
687 3316.64
688 3533.12
689 3392.70
690 3425.12
691 3298.52
692 3425.84
693 3412.01
694 3275.87
695 3323.55
696 3359.08
697 3240.35
698 3333.33
699 3291.85
700 3375.77
701 3436.57
702 3478.29
703 3362.89
704 3415.35
705 3324.51
706 3459.69
707 3537.18
708 3401.04
709 3435.13
710 3317.59
711 3365.52
712 3410.82
713 3348.59
714 3463.27
715 3348.59
716 3338.34
717 3466.37
718 3495.93
719 3525.97
720 3493.31
721 3540.04
722 3512.38
723 3365.52
724 3382.21
725 3471.61
726 3506.18
727 3547.91
728 3351.21
729 3357.65
730 3245.83
731 3386.97
732 3336.91
733 3456.35
734 3325.22
735 3310.68
736 3325.22
737 3521.20
738 3449.92
739 3401.04
740 2971.65
741 2835.75
742 2893.92
743 3566.27
744 3538.61
745 3507.14
746 3445.63
747 3363.61
748 3366.47
749 3414.39
750 3348.11
751 3366.71
752 3305.44
753 3265.62
754 3382.21
755 3379.82
756 3385.07
757 3360.99
758 3203.63
759 3344.30
760 3459.22
761 3399.13
762 3403.90
763 3389.12
764 3417.49
765 3663.30
766 3367.66
767 3503.08
768 3390.07
769 3322.12
770 3364.32
771 3824.23
772 3742.69
773 3636.84
774 3576.04
775 3339.77
776 3318.55
777 3330.95
778 3323.32
779 3429.89
780 3193.14
781 3338.10
782 3719.57
783 4400.49
784 3402.95
785 3221.27
786 3227.71
787 3319.50
788 3501.18
789 3482.82
790 3364.56
791 3422.50
792 3398.42
793 3457.31
794 3568.17
795 3521.68
796 3375.05
797 3345.25
798 3537.18
799 3353.60
800 3521.20
801 3503.56
802 3514.53
803 3489.26
804 3520.49
805 3479.96
806 3378.39
807 3587.96
808 3442.53
809 3422.74
810 3595.35
811 3503.08
812 3577.95
813 3508.09
814 3508.81
815 3436.57
816 3503.32
817 3542.42
818 3545.52
819 3559.35
820 3382.44
821 3453.97
822 3579.14
823 3590.58
824 3415.82
825 3387.93
826 3569.36
827 3356.22
828 3367.90
829 3366.95
830 3530.50
831 4410.98
832 3489.26
833 3527.88
834 3460.41
835 3376.25
836 3817.32
837 3473.76
838 3472.57
839 3446.34
840 3531.22
841 3776.79
842 3319.26
843 3272.06
844 3419.88
845 3510.95
846 3434.18
847 3465.65
848 3406.52
849 3302.57
850 3408.19
851 3418.68
852 3561.02
853 3394.84
854 3380.30
855 3483.30
856 3446.10
857 3244.64
858 3367.19
859 3387.69
860 3606.32
861 3542.90
862 3396.99
863 3246.31
864 3340.24
865 3410.58
866 3567.93
867 3423.93
868 3252.27
869 3324.03
870 3576.76
871 3666.16
872 3279.92
873 3258.47
874 3506.42
875 3480.67
876 3439.43
877 3426.55
878 3575.80
879 3660.92
880 3437.76
881 3267.53
882 3415.82
883 3438.23
884 3607.27
885 3436.33
886 3420.83
887 3441.33
888 3263.00
889 3479.96
890 3479.96
891 3415.11
892 3411.29
893 3321.65
894 3345.73
895 3343.58
896 3224.85
897 3300.43
898 3362.42
899 3352.64
900 3234.62
901 3396.51
902 3457.78
903 3751.99
904 3542.66
905 3330.23
906 3333.81
907 3592.01
908 3684.52
909 3570.80
910 3434.90
911 3517.39
912 3533.12
913 3629.68
914 3482.58
915 3293.75
916 3227.23
917 3312.35
918 3364.80
919 3245.35
920 3596.31
921 3403.43
922 3463.75
923 3368.85
924 3282.31
925 3330.95
926 3269.20
927 3431.32
928 3355.98
929 3272.06
930 3414.39
931 3415.82
932 3505.47
933 3460.88
934 3408.91
935 3545.05
936 3606.32
937 3530.98
938 3433.70
939 3420.83
940 3366.71
941 3466.84
942 3438.47
943 3314.50
944 3443.96
945 3331.90
946 3584.15
947 3469.71
948 3344.54
949 3374.34
950 3368.85
951 3440.86
952 3560.07
953 3375.53
954 3450.87
955 3378.15
956 3509.52
957 3476.62
958 3316.64
959 3319.74
960 3415.82
961 3328.56
962 3308.53
963 3394.37
964 3474.95
965 3503.08
966 3417.02
967 3331.42
968 3304.96
969 3332.85
970 3497.84
971 3116.37
972 2892.73
973 2833.60
974 2895.59
975 3219.84
976 3092.77
977 3138.30
978 3329.04
979 3221.27
980 3356.70
981 3174.30
982 3296.38
983 3405.09
984 3429.17
985 3399.61
986 3287.55
987 3303.53
988 3327.13
989 3388.40
990 3391.50
991 3404.86
992 3391.74
993 3251.55
994 3369.33
995 3388.17
996 3281.59
997 3450.16
998 3211.98
999 3361.94
